0. 0. 0.00122801 0.
0.05 0.005 0.02428677 0.02292083
0.1 0.01 0.04655008 0.04571159
0.15 0.015 0.06821982 0.06837359
0.2 0.02 0.08949027 0.09090809
0.25 0.025 0.11051089 0.11331636
0.3 0.03 0.13137576 0.13559961
0.35 0.035 0.15213782 0.15775909
0.4 0.04 0.17282103 0.17979597
0.45 0.045 0.19343442 0.20171145
0.5 0.05 0.21398026 0.22350669
0.55 0.055 0.23446389 0.24518284
0.6 0.06 0.2548941 0.26674104
0.65 0.065 0.2752862 0.28818238
0.7 0.07 0.29565874 0.30950797
0.75 0.075 0.31603494 0.33071887
0.8 0.08 0.33643633 0.3518162
0.85 0.085 0.3568821 0.37280098
0.9 0.09 0.3773873 0.39367425
0.95 0.095 0.39796072 0.41443706
1. 0.1 0.41860422 0.43509036
1.05 0.105 0.43931332 0.45563522
1.1 0.11 0.4600777 0.47607258
1.15 0.115 0.4808816 0.4964034
1.2 0.12 0.50170666 0.5166286
1.25 0.125 0.5225318 0.53674924
1.3 0.13 0.5433351 0.55676615
1.35 0.135 0.56409496 0.5766803
1.4 0.14 0.584791 0.5964925
1.45 0.145 0.6054057 0.6162038
1.5 0.15 0.6259211 0.63581496
1.55 0.155 0.6463241 0.6553269
1.6 0.16 0.66660243 0.67474043
1.65 0.165 0.6867455 0.69405645
1.7 0.17 0.7067448 0.7132758
1.75 0.175 0.7265931 0.7323993
1.8 0.18 0.7462835 0.7514277
1.85 0.185 0.7658111 0.77036184
1.9 0.19 0.7851711 0.7892026
1.95 0.195 0.8043576 0.8079506
2. 0.2 0.8233695 0.82660675
2.05 0.205 0.8422027 0.84517175
2.1 0.21 0.8608552 0.8636464
2.15 0.215 0.8793262 0.8820314
2.2 0.22 0.89761543 0.9003275
2.25 0.225 0.9157241 0.9185355
2.3 0.23 0.9336531 0.936656
2.35 0.235 0.951405 0.95468974
2.4 0.24 0.9689831 0.9726375
2.45 0.245 0.98639125 0.99049985
2.5 0.25 1.0036335 1.0082775
2.55 0.255 1.0207152 1.0259713
2.6 0.26 1.0376414 1.0435817
2.65 0.265 1.0544175 1.0611095
2.7 0.27 1.0710491 1.0785553
2.75 0.275 1.0875423 1.0959197
2.8 0.28 1.103904 1.1132035
2.85 0.285 1.1201391 1.1304071
2.9 0.29 1.1362555 1.1475313
2.95 0.295 1.1522592 1.1645765
3. 0.3 1.1681558 1.1815436
3.05 0.305 1.1839517 1.198433
3.1 0.3 1.1862619 1.1786611
3.15 0.295 1.1759986 1.158866
3.2 0.29 1.1563972 1.1390475
3.25 0.285 1.1310825 1.1192046
3.3 0.28 1.103084 1.0993369
3.35 0.275 1.0743814 1.0794433
3.4 0.27 1.045895 1.0595235
3.45 0.265 1.0177563 1.0395765
3.5 0.26 0.9896644 1.019602
3.55 0.255 0.961206 0.9995989
3.6 0.25 0.9320579 0.97956663
3.65 0.245 0.9020835 0.95950454
3.7 0.24 0.87133247 0.9394118
3.75 0.235 0.8399957 0.91928774
3.8 0.23 0.80833626 0.8991316
3.85 0.225 0.7766263 0.8789426
3.9 0.22 0.7451042 0.85872
3.95 0.215 0.7139529 0.83846307
4. 0.21 0.6832937 0.818171
4.05 0.205 0.653197 0.79784304
4.1 0.2 0.6236946 0.77747834
4.15 0.195 0.59479576 0.7570762
4.2 0.19 0.5664968 0.73663574
4.25 0.185 0.5387893 0.7161562
4.3 0.18 0.51166475 0.6956367
4.35 0.175 0.4851148 0.6750765
4.4 0.17 0.45912915 0.6544746
4.45 0.165 0.43369853 0.63383037
4.5 0.16 0.40881035 0.6131428
4.55 0.155 0.38444942 0.59241104
4.6 0.15 0.36059654 0.57163423
4.65 0.145 0.3372302 0.5508115
4.7 0.14 0.31432545 0.529942
4.75 0.135 0.29185534 0.5090247
4.8 0.13 0.2697919 0.48805878
4.85 0.125 0.2481057 0.46704325
4.9 0.12 0.2267675 0.44597724
4.95 0.115 0.20574702 0.42485973
5. 0.11 0.185015 0.4036898
5.05 0.105 0.16454268 0.38246647
5.1 0.1 0.14430225 0.36118874
5.15 0.095 0.12426615 0.33985564
5.2 0.09 0.10440919 0.31846613
5.25 0.085 0.08470662 0.29701918
5.3 0.08 0.06513539 0.2755138
5.35 0.075 0.04567445 0.2539489
5.4 0.07 0.02630365 0.23232341
5.45 0.065 0.00700546 0.21063629
5.5 0.06 -0.01223484 0.18888643
5.55 0.055 -0.03143156 0.16707274
5.6 0.05 -0.05059598 0.14519407
5.65 0.045 -0.06973611 0.12324931
5.7 0.04 -0.08885922 0.1012373
5.75 0.035 -0.10797005 0.07915688
5.8 0.03 -0.12706916 0.05700685
5.85 0.025 -0.14615753 0.03478603
5.9 0.02 -0.16523156 0.0124932
5.95 0.015 -0.184287 -0.00987288
6. 0.01 -0.20331737 -0.03231345
6.05 0.005 -0.22231393 -0.05482978
6.1 -4.3368087e-17 -0.2412665 -0.07742317
