0. 0. 0.00090402 0.
0.1 0.005 0.02402965 0.02289371
0.2 0.01 0.04660444 0.04563061
0.3 0.015 0.06876781 0.06821237
0.4 0.02 0.09069151 0.09064063
0.5 0.025 0.11251181 0.11291701
0.6 0.03 0.13431296 0.1350431
0.7 0.035 0.15612881 0.15702046
0.8 0.04 0.17795612 0.17885068
0.9 0.045 0.19976833 0.20053525
1. 0.05 0.22152637 0.2220757
1.1 0.055 0.24318883 0.2434735
1.2 0.06 0.26471928 0.26473013
1.3 0.065 0.2860879 0.28584704
1.4 0.07 0.3072741 0.3068256
1.5 0.075 0.32826734 0.3276673
1.6 0.08 0.34906492 0.3483735
1.7 0.085 0.36967063 0.36894554
1.8 0.09 0.39009124 0.3893848
1.9 0.095 0.41033864 0.4096926
2. 0.1 0.43042338 0.42987025
2.1 0.105 0.4503562 0.44991904
2.2 0.11 0.47014752 0.4698403
2.3 0.115 0.48980626 0.48963526
2.4 0.12 0.5093399 0.5093051
2.5 0.125 0.5287546 0.5288512
2.6 0.13 0.54805636 0.54827464
2.7 0.135 0.5672491 0.5675767
2.8 0.14 0.58633786 0.58675855
2.9 0.145 0.6053262 0.6058213
3. 0.15 0.624217 0.6247662
3.1 0.155 0.6430139 0.6435942
3.2 0.16 0.66171837 0.66230667
3.3 0.165 0.6803329 0.68090457
3.4 0.17 0.6988573 0.69938904
3.5 0.175 0.7172922 0.71776116
3.6 0.18 0.73563683 0.736022
3.7 0.185 0.7538883 0.7541726
3.8 0.19 0.7720445 0.772214
3.9 0.195 0.7901034 0.79014724
4. 0.2 0.80806017 0.8079734
4.1 0.205 0.8259128 0.8256933
4.2 0.21 0.8436571 0.8433081
4.3 0.215 0.86128986 0.86081874
4.4 0.22 0.8788088 0.87822616
4.5 0.225 0.8962115 0.89553136
4.6 0.23 0.9134958 0.9127352
4.7 0.235 0.93066114 0.9298387
4.8 0.24 0.9477059 0.9468428
4.9 0.245 0.96463126 0.9637483
5. 0.25 0.9814362 0.98055613
5.1 0.255 0.99812317 0.99726725
5.2 0.26 1.0146922 1.0138825
5.3 0.265 1.0311457 1.0304028
5.4 0.27 1.0474865 1.0468287
5.5 0.275 1.063716 1.0631616
5.6 0.28 1.0798379 1.0794019
5.7 0.285 1.0958552 1.0955505
5.8 0.29 1.1117713 1.1116084
5.9 0.295 1.1275901 1.1275762
6. 0.3 1.1433156 1.1434548
6.1 0.305 1.1589513 1.159245
6.2 0.3 1.1610985 1.1384175
6.3 0.295 1.1506716 1.11761
6.4 0.29 1.1309406 1.0968214
6.5 0.285 1.1055673 1.0760504
6.6 0.28 1.0776105 1.055296
6.7 0.275 1.0490688 1.0345567
6.8 0.27 1.0208696 1.0138314
6.9 0.265 0.99314344 0.9931189
7. 0.26 0.9655865 0.97241783
7.1 0.255 0.93777764 0.95172715
7.2 0.25 0.90938544 0.93104553
7.3 0.245 0.8802605 0.9103718
7.4 0.24 0.85044026 0.8897046
7.5 0.235 0.82010114 0.8690428
7.6 0.23 0.789491 0.8483852
7.7 0.225 0.758868 0.82773054
7.8 0.22 0.72845817 0.8070775
7.9 0.215 0.6984303 0.786425
8. 0.21 0.6688971 0.7657716
8.1 0.205 0.6399188 0.74511623
8.2 0.2 0.6115197 0.72445756
8.3 0.195 0.5837015 0.7037944
8.4 0.19 0.5564534 0.68312544
8.5 0.185 0.52976096 0.6624494
8.6 0.18 0.5036094 0.6417651
8.7 0.175 0.47798568 0.6210712
8.8 0.17 0.45287535 0.60036653
8.9 0.165 0.42826536 0.57964975
9. 0.16 0.40414003 0.55891955
9.1 0.155 0.38048223 0.53817475
9.2 0.15 0.35727137 0.517414
9.3 0.145 0.33448464 0.49663597
9.4 0.14 0.31209862 0.47583947
9.5 0.135 0.29008648 0.4550231
9.6 0.13 0.26842117 0.43418562
9.7 0.125 0.24707584 0.41332567
9.8 0.12 0.22602308 0.39244196
9.9 0.115 0.20523606 0.37153313
10. 0.11 0.1846887 0.3505979
10.1 0.105 0.16435638 0.32963485
10.2 0.1 0.14421469 0.30864266
10.3 0.095 0.12424134 0.28762
10.4 0.09 0.10441453 0.26656547
10.5 0.085 0.08471494 0.24547772
10.6 0.08 0.06512422 0.22435535
10.7 0.075 0.04562622 0.20319696
10.8 0.07 0.02620658 0.18200117
10.9 0.065 0.00685174 0.16076654
11. 0.06 -0.01244804 0.13949166
11.1 0.055 -0.03170183 0.1181751
11.2 0.05 -0.05091684 0.09681541
11.3 0.045 -0.07009754 0.07541113
11.4 0.04 -0.08924651 0.0539608
11.5 0.035 -0.10836439 0.03246292
11.6 0.03 -0.12745051 0.01091603
11.7 0.025 -0.14650115 -0.0106814
11.8 0.02 -0.16551182 -0.03233088
11.9 0.015 -0.18447627 -0.05403395
12. 0.01 -0.20338586 -0.07579214
12.1 0.005 -0.22223224 -0.09760703
12.2 -4.3368087e-17 -0.24100453 -0.11948019
