0. 0. -3.7290044e-07 0.
0.1 0.005 0.02273686 0.02289371
0.2 0.01 0.04536017 0.04563061
0.3 0.015 0.06786788 0.06821237
0.4 0.02 0.09025832 0.09064063
0.5 0.025 0.11253035 0.11291701
0.6 0.03 0.13468194 0.1350431
0.7 0.035 0.15671177 0.15702046
0.8 0.04 0.17861894 0.17885068
0.9 0.045 0.20040192 0.20053525
1. 0.05 0.22205941 0.2220757
1.1 0.055 0.2435916 0.2434735
1.2 0.06 0.26499647 0.26473013
1.3 0.065 0.286274 0.28584704
1.4 0.07 0.30742303 0.3068256
1.5 0.075 0.32844314 0.3276673
1.6 0.08 0.34933388 0.3483735
1.7 0.085 0.37009484 0.36894554
1.8 0.09 0.39072564 0.3893848
1.9 0.095 0.41122565 0.4096926
2. 0.1 0.4315954 0.42987025
2.1 0.105 0.45183384 0.44991904
2.2 0.11 0.47194102 0.4698403
2.3 0.115 0.49191758 0.48963526
2.4 0.12 0.51176256 0.5093051
2.5 0.125 0.53147644 0.5288512
2.6 0.13 0.5510591 0.54827464
2.7 0.135 0.5705109 0.5675767
2.8 0.14 0.58983153 0.58675855
2.9 0.145 0.6090221 0.6058213
3. 0.15 0.62808186 0.6247662
3.1 0.155 0.6470117 0.6435942
3.2 0.16 0.6658115 0.66230667
3.3 0.165 0.6844822 0.68090457
3.4 0.17 0.7030235 0.69938904
3.5 0.175 0.7214365 0.71776116
3.6 0.18 0.7397212 0.736022
3.7 0.185 0.7578782 0.7541726
3.8 0.19 0.7759082 0.772214
3.9 0.195 0.7938117 0.79014724
4. 0.2 0.8115894 0.8079734
4.1 0.205 0.82924145 0.8256933
4.2 0.21 0.8467693 0.8433081
4.3 0.215 0.8641727 0.86081874
4.4 0.22 0.8814533 0.87822616
4.5 0.225 0.89861155 0.89553136
4.6 0.23 0.915648 0.9127352
4.7 0.235 0.93256336 0.9298387
4.8 0.24 0.94935864 0.9468428
4.9 0.245 0.966035 0.9637483
5. 0.25 0.9825928 0.98055613
5.1 0.255 0.99903363 0.99726725
5.2 0.26 1.0153577 1.0138825
5.3 0.265 1.0315667 1.0304028
5.4 0.27 1.0476612 1.0468287
5.5 0.275 1.063642 1.0631616
5.6 0.28 1.0795106 1.0794019
5.7 0.285 1.0952679 1.0955505
5.8 0.29 1.1109145 1.1116084
5.9 0.295 1.126452 1.1275762
6. 0.3 1.1418816 1.1434548
6.1 0.305 1.157204 1.159245
6.2 0.3 1.1369836 1.1384175
6.3 0.295 1.1167147 1.11761
6.4 0.29 1.0963998 1.0968214
6.5 0.285 1.0760425 1.0760504
6.6 0.28 1.0556442 1.055296
6.7 0.275 1.0352083 1.0345567
6.8 0.27 1.0147367 1.0138314
6.9 0.265 0.99423176 0.9931189
7. 0.26 0.9736958 0.97241783
7.1 0.255 0.9531303 0.95172715
7.2 0.25 0.93253726 0.93104553
7.3 0.245 0.91191876 0.9103718
7.4 0.24 0.8912758 0.8897046
7.5 0.235 0.8706102 0.8690428
7.6 0.23 0.8499235 0.8483852
7.7 0.225 0.82921684 0.82773054
7.8 0.22 0.8084914 0.8070775
7.9 0.215 0.78774816 0.786425
8. 0.21 0.76698816 0.7657716
8.1 0.205 0.746212 0.74511623
8.2 0.2 0.7254213 0.72445756
8.3 0.195 0.7046159 0.7037944
8.4 0.19 0.68379647 0.68312544
8.5 0.185 0.6629642 0.6624494
8.6 0.18 0.64211905 0.6417651
8.7 0.175 0.62126136 0.6210712
8.8 0.17 0.6003918 0.60036653
8.9 0.165 0.5795102 0.57964975
9. 0.16 0.55861694 0.55891955
9.1 0.155 0.53771234 0.53817475
9.2 0.15 0.516796 0.517414
9.3 0.145 0.49586827 0.49663597
9.4 0.14 0.4749288 0.47583947
9.5 0.135 0.4539782 0.4550231
9.6 0.13 0.4330157 0.43418562
9.7 0.125 0.4120408 0.41332567
9.8 0.12 0.39105472 0.39244196
9.9 0.115 0.37005538 0.37153313
10. 0.11 0.34904385 0.3505979
10.1 0.105 0.3280197 0.32963485
10.2 0.1 0.30698198 0.30864266
10.3 0.095 0.2859309 0.28762
10.4 0.09 0.26486614 0.26656547
10.5 0.085 0.24378683 0.24547772
10.6 0.08 0.22269334 0.22435535
10.7 0.075 0.20158513 0.20319696
10.8 0.07 0.18046106 0.18200117
10.9 0.065 0.15932189 0.16076654
11. 0.06 0.13816613 0.13949166
11.1 0.055 0.1169949 0.1181751
11.2 0.05 0.09580651 0.09681541
11.3 0.045 0.07460116 0.07541113
11.4 0.04 0.0533792 0.0539608
11.5 0.035 0.0321388 0.03246292
11.6 0.03 0.01088105 0.01091603
11.7 0.025 -0.01039404 -0.0106814
11.8 0.02 -0.0316874 -0.03233088
11.9 0.015 -0.05299903 -0.05403395
12. 0.01 -0.07432931 -0.07579214
12.1 0.005 -0.09567823 -0.09760703
12.2 -4.3368087e-17 -0.11704449 -0.11948019
