0. 0. -3.7290044e-07 0.
0.5 0.005 0.02273686 0.02268541
1. 0.01 0.04511592 0.04501687
1.5 0.015 0.06714538 0.06700663
2. 0.02 0.08883701 0.08866642
2.5 0.025 0.11020046 0.11000746
3. 0.03 0.13124697 0.1310405
3.5 0.035 0.15198806 0.15177578
4. 0.04 0.17243531 0.17222312
4.5 0.045 0.19259953 0.19239192
5. 0.05 0.21249227 0.21229118
5.5 0.055 0.23212418 0.2319295
6. 0.06 0.25150606 0.25131512
6.5 0.065 0.2706474 0.27045593
7. 0.07 0.28955775 0.28935948
7.5 0.075 0.30824584 0.30803302
8. 0.08 0.32671988 0.3264835
8.5 0.085 0.34498754 0.34471747
9. 0.09 0.36305568 0.3627414
9.5 0.095 0.3809314 0.38056138
10. 0.1 0.39861992 0.3981832
10.5 0.105 0.41612667 0.4156125
11. 0.11 0.43345684 0.43285462
11.5 0.115 0.4506151 0.44991478
12. 0.12 0.46760485 0.46679792
12.5 0.125 0.4844301 0.48350877
13. 0.13 0.50109416 0.50005186
13.5 0.135 0.5176002 0.5164316
14. 0.14 0.5339505 0.5326522
14.5 0.145 0.5501475 0.5487177
15. 0.15 0.56619394 0.56463194
15.5 0.155 0.582092 0.5803987
16. 0.16 0.5978428 0.5960215
16.5 0.165 0.6134493 0.6115038
17. 0.17 0.6289122 0.62684894
17.5 0.175 0.6442336 0.6420601
18. 0.18 0.6594156 0.6571404
18.5 0.185 0.6744589 0.6720926
19. 0.19 0.6893656 0.68691975
19.5 0.195 0.7041376 0.7016245
20. 0.2 0.7187759 0.7162095
20.5 0.205 0.73328257 0.73067725
21. 0.21 0.747659 0.7450303
21.5 0.215 0.76190734 0.75927085
22. 0.22 0.7760288 0.77340126
22.5 0.225 0.7900255 0.78742373
23. 0.23 0.8038993 0.8013404
23.5 0.235 0.81765205 0.8151533
24. 0.24 0.83128583 0.82886434
24.5 0.245 0.84480286 0.84247553
25. 0.25 0.8582048 0.8559886
25.5 0.255 0.8714946 0.8694054
26. 0.26 0.88467383 0.8827277
26.5 0.265 0.89774513 0.89595705
27. 0.27 0.91071105 0.9090951
27.5 0.275 0.9235732 0.92214346
28. 0.28 0.9363348 0.9351036
28.5 0.285 0.94899815 0.947977
29. 0.29 0.9615661 0.960765
29.5 0.295 0.97404045 0.97346914
30. 0.3 0.9864241 0.98609054
30.5 0.305 0.99871993 0.99863064
31. 0.3 0.97478765 0.97497714
31.5 0.295 0.9512855 0.951746
32. 0.29 0.928194 0.92891526
32.5 0.285 0.9054925 0.9064639
33. 0.28 0.8831627 0.88437194
33.5 0.275 0.8611843 0.8626201
34. 0.27 0.8395395 0.8411902
34.5 0.265 0.81821 0.8200647
35. 0.26 0.7971787 0.799227
35.5 0.255 0.7764283 0.7786611
36. 0.25 0.7559438 0.75835174
36.5 0.245 0.7357083 0.73828447
37. 0.24 0.71570855 0.71844536
37.5 0.235 0.69593006 0.6988211
38. 0.23 0.6763592 0.679399
38.5 0.225 0.6569826 0.6601669
39. 0.22 0.63778967 0.64111316
39.5 0.215 0.61876816 0.62222666
40. 0.21 0.59990674 0.60349673
40.5 0.205 0.58119476 0.58491325
41. 0.2 0.5626223 0.56646645
41.5 0.195 0.5441794 0.54814696
42. 0.19 0.52585775 0.5299458
42.5 0.185 0.507648 0.51185447
43. 0.18 0.48954162 0.4938647
43.5 0.175 0.47153074 0.47596857
44. 0.17 0.45360708 0.45815858
44.5 0.165 0.43576324 0.44042742
45. 0.16 0.41799212 0.42276818
45.5 0.155 0.40028653 0.40517408
46. 0.15 0.38264003 0.38763878
46.5 0.145 0.36504567 0.37015602
47. 0.14 0.34749734 0.3527199
47.5 0.135 0.3299891 0.33532467
48. 0.13 0.31251386 0.31796485
48.5 0.125 0.29506698 0.30063513
49. 0.12 0.27764207 0.28333038
49.5 0.115 0.26023415 0.26604566
50. 0.11 0.24283743 0.24877624
50.5 0.105 0.22544646 0.23151751
51. 0.1 0.20805681 0.21426505
51.5 0.095 0.19066268 0.19701454
52. 0.09 0.17325999 0.17976187
52.5 0.085 0.15584311 0.16250299
53. 0.08 0.13840908 0.14523402
53.5 0.075 0.12095194 0.12795119
54. 0.07 0.10346868 0.11065084
54.5 0.065 0.08595448 0.0933294
55. 0.06 0.06840578 0.07598343
55.5 0.055 0.05081943 0.05860956
56. 0.05 0.03319149 0.04120452
56.5 0.045 0.01551918 0.02376513
57. 0.04 -0.00219955 0.00628827
57.5 0.035 -0.01996826 -0.01122908
58. 0.03 -0.0377888 -0.02878991
58.5 0.025 -0.05566322 -0.04639709
59. 0.02 -0.07359116 -0.06405349
59.5 0.015 -0.09157577 -0.08176187
60. 0.01 -0.10961688 -0.09952497
60.5 0.005 -0.12771448 -0.11734546
61. -4.3368087e-17 -0.14586802 -0.13522598
