0. 0. -3.7290044e-07 0.
1. 0.005 0.02273686 0.02244487
2. 0.01 0.04481051 0.04432612
3. 0.015 0.06626496 0.06568363
4. 0.02 0.08714888 0.08655383
5. 0.025 0.10750514 0.10697
6. 0.03 0.12737906 0.12696257
7. 0.035 0.14681165 0.14655933
8. 0.04 0.16584317 0.16578571
9. 0.045 0.18450946 0.18466496
10. 0.05 0.20284347 0.20321842
11. 0.055 0.22087583 0.22146554
12. 0.06 0.23863259 0.23942423
13. 0.065 0.25613785 0.25711083
14. 0.07 0.27341208 0.27454042
15. 0.075 0.29047322 0.2917268
16. 0.08 0.30733672 0.3086826
17. 0.085 0.32401553 0.3254195
18. 0.09 0.34052083 0.34194818
19. 0.095 0.35686216 0.35827854
20. 0.1 0.3730466 0.37441966
21. 0.105 0.38908076 0.3903799
22. 0.11 0.4049697 0.40616703
23. 0.115 0.42071784 0.42178816
24. 0.12 0.43632764 0.43724993
25. 0.125 0.4518031 0.45255846
26. 0.13 0.4671443 0.46771938
27. 0.135 0.48235455 0.482738
28. 0.14 0.49743426 0.49761915
29. 0.145 0.5123846 0.5123674
30. 0.15 0.5272059 0.526987
31. 0.155 0.54189944 0.5414819
32. 0.16 0.5564656 0.55585575
33. 0.165 0.57090545 0.57011205
34. 0.17 0.585219 0.58425397
35. 0.175 0.59940726 0.59828454
36. 0.18 0.613471 0.6122066
37. 0.185 0.6274115 0.6260228
38. 0.19 0.64123 0.63973576
39. 0.195 0.65492696 0.65334773
40. 0.2 0.6685048 0.666861
41. 0.205 0.6819646 0.6802777
42. 0.21 0.6953084 0.69359976
43. 0.215 0.70853806 0.7068292
44. 0.22 0.7216559 0.7199677
45. 0.225 0.7346639 0.73301715
46. 0.23 0.74756527 0.7459791
47. 0.235 0.76036215 0.758855
48. 0.24 0.7730573 0.7716465
49. 0.245 0.7856546 0.78435504
50. 0.25 0.79815644 0.79698193
51. 0.255 0.8105662 0.80952847
52. 0.26 0.8228873 0.821996
53. 0.265 0.8351232 0.8343857
54. 0.27 0.8472774 0.8466987
55. 0.275 0.85935354 0.85893625
56. 0.28 0.8713549 0.8710993
57. 0.285 0.8832855 0.883189
58. 0.29 0.8951492 0.8952064
59. 0.295 0.9069492 0.9071524
60. 0.3 0.91868955 0.91902804
61. 0.305 0.9303736 0.9308342
62. 0.3 0.90610796 0.9069393
63. 0.295 0.8827337 0.8838974
64. 0.29 0.86016446 0.86163086
65. 0.285 0.8383223 0.840069
66. 0.28 0.8171367 0.8191473
67. 0.275 0.7965456 0.7988069
68. 0.27 0.77649206 0.77899426
69. 0.265 0.75692576 0.75966036
70. 0.26 0.7378 0.74076056
71. 0.255 0.71907574 0.72225404
72. 0.25 0.70071447 0.7041036
73. 0.245 0.6826841 0.6862752
74. 0.24 0.6649537 0.66873765
75. 0.235 0.647496 0.6514626
76. 0.23 0.6302877 0.634424
77. 0.225 0.61330533 0.6175979
78. 0.22 0.5965292 0.60096264
79. 0.215 0.5799396 0.5844981
80. 0.21 0.56351984 0.56818604
81. 0.205 0.5472542 0.5520096
82. 0.2 0.5311279 0.5359532
83. 0.195 0.5151282 0.5200028
84. 0.19 0.49924132 0.50414526
85. 0.185 0.48345646 0.4883685
86. 0.18 0.46776238 0.47266153
87. 0.175 0.45214793 0.45701402
88. 0.17 0.43660402 0.44141653
89. 0.165 0.4211212 0.42586038
90. 0.16 0.40569022 0.41033742
91. 0.155 0.3903024 0.39484012
92. 0.15 0.3749499 0.37936157
93. 0.145 0.35962424 0.3638952
94. 0.14 0.34431788 0.34843504
95. 0.135 0.3290231 0.33297545
96. 0.13 0.31373242 0.3175111
97. 0.125 0.29843947 0.3020371
98. 0.12 0.28313679 0.2865488
99. 0.115 0.26781765 0.27104184
100. 0.11 0.2524754 0.25551215
101. 0.105 0.23710445 0.2399558
102. 0.1 0.22169845 0.22436915
103. 0.095 0.20625067 0.20874874
104. 0.09 0.19075722 0.19309124
105. 0.085 0.17521231 0.17739351
106. 0.08 0.15961127 0.16165254
107. 0.075 0.14394926 0.14586543
108. 0.07 0.12822367 0.13002945
109. 0.065 0.11243041 0.11414192
110. 0.06 0.09656667 0.09820028
111. 0.055 0.08063077 0.08220207
112. 0.05 0.06462122 0.06614487
113. 0.045 0.04853747 0.05002636
114. 0.04 0.03237969 0.03384428
115. 0.035 0.01614864 0.01759641
116. 0.03 -0.00015308 0.0012806
117. 0.025 -0.01652303 -0.01510527
118. 0.02 -0.03295675 -0.03156327
119. 0.015 -0.04944977 -0.04809545
120. 0.01 -0.0659948 -0.06470381
121. 0.005 -0.08258551 -0.08139032
122. -4.3368087e-17 -0.09921221 -0.09815696
