0. 0. -3.7290044e-07 0.
0.05 0.005 0.02273686 0.02292083
0.1 0.01 0.04539074 0.04571159
0.15 0.015 0.06795906 0.06837359
0.2 0.02 0.09044085 0.09090809
0.25 0.025 0.11283314 0.11331636
0.3 0.03 0.13513409 0.13559961
0.35 0.035 0.15734217 0.15775909
0.4 0.04 0.17945553 0.17979597
0.45 0.045 0.2014725 0.20171145
0.5 0.05 0.22339197 0.22350669
0.55 0.055 0.2452115 0.24518284
0.6 0.06 0.26692995 0.26674104
0.65 0.065 0.28854626 0.28818238
0.7 0.07 0.31005868 0.30950797
0.75 0.075 0.33146635 0.33071887
0.8 0.08 0.35276774 0.3518162
0.85 0.085 0.3739616 0.37280098
0.9 0.09 0.39504737 0.39367425
0.95 0.095 0.41602385 0.41443706
1. 0.1 0.43688986 0.43509036
1.05 0.105 0.45764476 0.45563522
1.1 0.11 0.4782876 0.47607258
1.15 0.115 0.4988177 0.4964034
1.2 0.12 0.5192346 0.5166286
1.25 0.125 0.5395375 0.53674924
1.3 0.13 0.5597257 0.55676615
1.35 0.135 0.57979894 0.5766803
1.4 0.14 0.5997565 0.5964925
1.45 0.145 0.6195977 0.6162038
1.5 0.15 0.63932323 0.63581496
1.55 0.155 0.6589317 0.6553269
1.6 0.16 0.6784232 0.67474043
1.65 0.165 0.6977983 0.69405645
1.7 0.17 0.71705586 0.7132758
1.75 0.175 0.73619604 0.7323993
1.8 0.18 0.75521886 0.7514277
1.85 0.185 0.77412444 0.77036184
1.9 0.19 0.79291254 0.7892026
1.95 0.195 0.81158394 0.8079506
2. 0.2 0.8301377 0.82660675
2.05 0.205 0.848575 0.84517175
2.1 0.21 0.8668955 0.8636464
2.15 0.215 0.8850997 0.8820314
2.2 0.22 0.9031872 0.9003275
2.25 0.225 0.92115915 0.9185355
2.3 0.23 0.939016 0.936656
2.35 0.235 0.95675755 0.95468974
2.4 0.24 0.97438455 0.9726375
2.45 0.245 0.99189764 0.99049985
2.5 0.25 1.0092965 1.0082775
2.55 0.255 1.026583 1.0259713
2.6 0.26 1.0437564 1.0435817
2.65 0.265 1.0608184 1.0611095
2.7 0.27 1.0777689 1.0785553
2.75 0.275 1.0946089 1.0959197
2.8 0.28 1.1113386 1.1132035
2.85 0.285 1.1279593 1.1304071
2.9 0.29 1.1444712 1.1475313
2.95 0.295 1.1608752 1.1645765
3. 0.3 1.1771727 1.1815436
3.05 0.305 1.1933635 1.198433
3.1 0.3 1.1744556 1.1786611
3.15 0.295 1.1554571 1.158866
3.2 0.29 1.1363702 1.1390475
3.25 0.285 1.1171956 1.1192046
3.3 0.28 1.0979357 1.0993369
3.35 0.275 1.0785912 1.0794433
3.4 0.27 1.059164 1.0595235
3.45 0.265 1.0396552 1.0395765
3.5 0.26 1.0200667 1.019602
3.55 0.255 1.0003996 0.9995989
3.6 0.25 0.98065543 0.97956663
3.65 0.245 0.9608352 0.95950454
3.7 0.24 0.9409408 0.9394118
3.75 0.235 0.92097336 0.91928774
3.8 0.23 0.9009338 0.8991316
3.85 0.225 0.8808239 0.8789426
3.9 0.22 0.86064506 0.85872
3.95 0.215 0.84039825 0.83846307
4. 0.21 0.8200847 0.818171
4.05 0.205 0.7997059 0.79784304
4.1 0.2 0.7792626 0.77747834
4.15 0.195 0.75875676 0.7570762
4.2 0.19 0.7381891 0.73663574
4.25 0.185 0.7175605 0.7161562
4.3 0.18 0.6968726 0.6956367
4.35 0.175 0.6761263 0.6750765
4.4 0.17 0.6553224 0.6544746
4.45 0.165 0.6344625 0.63383037
4.5 0.16 0.61354727 0.6131428
4.55 0.155 0.5925784 0.59241104
4.6 0.15 0.57155603 0.57163423
4.65 0.145 0.5504818 0.5508115
4.7 0.14 0.5293566 0.529942
4.75 0.135 0.50818104 0.5090247
4.8 0.13 0.48695695 0.48805878
4.85 0.125 0.4656845 0.46704325
4.9 0.12 0.44436494 0.44597724
4.95 0.115 0.4229996 0.42485973
5. 0.11 0.4015884 0.4036898
5.05 0.105 0.3801332 0.38246647
5.1 0.1 0.35863486 0.36118874
5.15 0.095 0.33709398 0.33985564
5.2 0.09 0.3155121 0.31846613
5.25 0.085 0.29388934 0.29701918
5.3 0.08 0.27222702 0.2755138
5.35 0.075 0.25052568 0.2539489
5.4 0.07 0.2287871 0.23232341
5.45 0.065 0.20701139 0.21063629
5.5 0.06 0.18520007 0.18888643
5.55 0.055 0.1633537 0.16707274
5.6 0.05 0.14147358 0.14519407
5.65 0.045 0.11956083 0.12324931
5.7 0.04 0.09761545 0.1012373
5.75 0.035 0.07563931 0.07915688
5.8 0.03 0.05363334 0.05700685
5.85 0.025 0.03159828 0.03478603
5.9 0.02 0.00953525 0.0124932
5.95 0.015 -0.01255444 -0.00987288
6. 0.01 -0.03466967 -0.03231345
6.05 0.005 -0.05681008 -0.05482978
6.1 -4.3368087e-17 -0.07897379 -0.07742317
