0. 0. -0.12788762 0.
5. 0.005 0.39462817 0.02105931
10. 0.01 2.4368331 0.04070716
15. 0.015 4.6448054 0.05933704
20. 0.02 4.034865 0.07721652
25. 0.025 3.2453437 0.09452868
30. 0.03 2.3450937 0.11139978
35. 0.035 2.6641498 0.12791778
40. 0.04 2.805051 0.14414471
45. 0.045 3.2986906 0.16012497
50. 0.05 3.0577748 0.1758909
55. 0.055 3.1198738 0.19146653
60. 0.06 2.8334825 0.20687011
65. 0.065 3.0282068 0.22211583
70. 0.07 2.913935 0.23721494
75. 0.075 3.1165378 0.25217658
80. 0.08 2.9650059 0.26700842
85. 0.085 3.0912962 0.2817168
90. 0.09 2.9470313 0.2963073
95. 0.095 3.0774736 0.3107847
100. 0.1 2.9707332 0.3251532
105. 0.105 3.0898905 0.33941662
110. 0.11 2.9898708 0.3535783
115. 0.115 3.0872388 0.36764133
120. 0.12 2.9986975 0.3816084
125. 0.125 3.086641 0.3954821
130. 0.13 3.0126255 0.4092647
135. 0.135 3.0901885 0.42295837
140. 0.14 3.0253837 0.43656507
145. 0.145 3.0921602 0.45008656
150. 0.15 3.0362332 0.46352458
155. 0.155 3.0948343 0.47688067
160. 0.16 3.0473094 0.49015632
165. 0.165 3.0984464 0.50335294
170. 0.17 3.057814 0.5164718
175. 0.175 3.1021895 0.52951413
180. 0.18 3.0676904 0.54248106
185. 0.185 3.1063294 0.5553737
190. 0.19 3.077262 0.5681932
195. 0.195 3.1108596 0.5809404
200. 0.2 3.0864575 0.5936163
205. 0.205 3.115643 0.60622185
210. 0.21 3.095303 0.6187579
215. 0.215 3.1206825 0.6312253
220. 0.22 3.103869 0.6436248
225. 0.225 3.1259532 0.6559572
230. 0.23 3.1121747 0.6682233
235. 0.235 3.13141 0.68042386
240. 0.24 3.120245 0.69255954
245. 0.245 3.1370323 0.704631
250. 0.25 3.1281135 0.7166389
255. 0.255 3.1427987 0.728584
260. 0.26 3.1357992 0.74046683
265. 0.265 3.148683 0.75228804
270. 0.27 3.1433218 0.76404834
275. 0.275 3.154671 0.77574813
280. 0.28 3.150704 0.78738815
285. 0.285 3.160744 0.7989689
290. 0.29 3.1579587 0.810491
295. 0.295 3.1668882 0.82195497
300. 0.3 3.1651018 0.83336127
305. 0.305 3.1730883 0.8447105
310. 0.3 3.1419766 0.82314193
315. 0.295 3.1150348 0.80413353
320. 0.29 3.0844216 0.7869003
325. 0.285 3.0959816 0.77090883
330. 0.28 3.096014 0.75579476
335. 0.275 3.106439 0.7413072
340. 0.27 3.0936368 0.727272
345. 0.265 3.092657 0.71356666
350. 0.26 3.0809133 0.70010394
355. 0.255 3.0838952 0.68682075
360. 0.25 3.0766473 0.6736705
365. 0.245 3.0787585 0.6606181
370. 0.24 3.0705147 0.6476367
375. 0.235 3.0706282 0.6347051
380. 0.23 3.0630336 0.6218063
385. 0.225 3.0631561 0.6089265
390. 0.22 3.056553 0.596054
395. 0.215 3.0561492 0.58317906
400. 0.21 3.0497754 0.57029325
405. 0.205 3.0487683 0.5573892
410. 0.2 3.042776 0.5444606
415. 0.195 3.0414698 0.5315017
420. 0.19 3.0358562 0.51850754
425. 0.185 3.0342278 0.50547355
430. 0.18 3.0288537 0.4923957
435. 0.175 3.026928 0.47927025
440. 0.17 3.0217803 0.4660939
445. 0.165 3.0196269 0.45286363
450. 0.16 3.0146763 0.4395766
455. 0.155 3.0123198 0.42623028
460. 0.15 3.0075257 0.41282228
465. 0.145 3.0049872 0.3993504
470. 0.14 3.0003278 0.38581264
475. 0.135 2.9976373 0.37220705
480. 0.13 2.9930918 0.3585318
485. 0.125 2.9902663 0.34478527
490. 0.12 2.9858148 0.33096582
495. 0.115 2.9828696 0.3170719
500. 0.11 2.9784973 0.3031021
505. 0.105 2.975448 0.289055
510. 0.1 2.9711404 0.2749292
515. 0.095 2.9679997 0.26072344
520. 0.09 2.9637475 0.24643642
525. 0.085 2.960524 0.2320669
530. 0.08 2.9563134 0.21761368
535. 0.075 2.9530175 0.20307554
540. 0.07 2.9488437 0.1884513
545. 0.065 2.9454823 0.1737398
550. 0.06 2.9413357 0.1589399
555. 0.055 2.9379137 0.1440504
560. 0.05 2.9337902 0.1290702
565. 0.045 2.9303143 0.11399812
570. 0.04 2.9262073 0.09883302
575. 0.035 2.922681 0.08357376
580. 0.03 2.918586 0.06821918
585. 0.025 2.915013 0.05276811
590. 0.02 2.910927 0.03721939
595. 0.015 2.907312 0.02157184
600. 0.01 2.90323 0.00582427
605. 0.005 2.8995752 -0.01002452
610. -4.3368087e-17 2.8954957 -0.02597575
