0. 0. -0.02315749 0.
0.1 0.005 -0.00402394 0.02289371
0.2 0.01 0.02019687 0.04563061
0.3 0.015 0.07485298 0.06821237
0.4 0.02 0.11100572 0.09064063
0.5 0.025 0.1511705 0.11291701
0.6 0.03 0.16431512 0.1350431
0.7 0.035 0.18116951 0.15702046
0.8 0.04 0.18400747 0.17885068
0.9 0.045 0.20021859 0.20053525
1. 0.05 0.21220048 0.2220757
1.1 0.055 0.23754935 0.2434735
1.2 0.06 0.257476 0.26473013
1.3 0.065 0.2843032 0.28584704
1.4 0.07 0.30293673 0.3068256
1.5 0.075 0.32516935 0.3276673
1.6 0.08 0.34073526 0.3483735
1.7 0.085 0.3604818 0.36894554
1.8 0.09 0.37642157 0.3893848
1.9 0.095 0.39680886 0.4096926
2. 0.1 0.4144744 0.42987025
2.1 0.105 0.43539163 0.44991904
2.2 0.11 0.45358002 0.4698403
2.3 0.115 0.4738489 0.48963526
2.4 0.12 0.491714 0.5093051
2.5 0.125 0.51122147 0.5288512
2.6 0.13 0.528995 0.54827464
2.7 0.135 0.5482212 0.5675767
2.8 0.14 0.5662009 0.58675855
2.9 0.145 0.58532023 0.6058213
3. 0.15 0.60342616 0.6247662
3.1 0.155 0.62234056 0.6435942
3.2 0.16 0.64041865 0.66230667
3.3 0.165 0.6590853 0.68090457
3.4 0.17 0.67710626 0.69938904
3.5 0.175 0.69557613 0.71776116
3.6 0.18 0.7135588 0.736022
3.7 0.185 0.7318748 0.7541726
3.8 0.19 0.7498111 0.772214
3.9 0.195 0.76797795 0.79014724
4. 0.2 0.78584445 0.8079734
4.1 0.205 0.803864 0.8256933
4.2 0.21 0.82164544 0.8433081
4.3 0.215 0.8395258 0.86081874
4.4 0.22 0.85721606 0.87822616
4.5 0.225 0.8749647 0.89553136
4.6 0.23 0.8925597 0.9127352
4.7 0.235 0.91018 0.9298387
4.8 0.24 0.92767274 0.9468428
4.9 0.245 0.94516754 0.9637483
5. 0.25 0.96255267 0.98055613
5.1 0.255 0.97992384 0.99726725
5.2 0.26 0.99719906 1.0138825
5.3 0.265 1.0144469 1.0304028
5.4 0.27 1.0316098 1.0468287
5.5 0.275 1.0487357 1.0631616
5.6 0.28 1.065783 1.0794019
5.7 0.285 1.082787 1.0955505
5.8 0.29 1.0997182 1.1116084
5.9 0.295 1.1165998 1.1275762
6. 0.3 1.133413 1.1434548
6.1 0.305 1.1501722 1.159245
6.2 0.3 1.1056945 1.1384175
6.3 0.295 1.0279337 1.11761
6.4 0.29 0.9301864 1.0968214
6.5 0.285 0.8818649 1.0760504
6.6 0.28 0.84668696 1.055296
6.7 0.275 0.84321594 1.0345567
6.8 0.27 0.83306706 1.0138314
6.9 0.265 0.8294305 0.9931189
7. 0.26 0.8114051 0.97241783
7.1 0.255 0.7955697 0.95172715
7.2 0.25 0.7714136 0.93104553
7.3 0.245 0.7522248 0.9103718
7.4 0.24 0.7296542 0.8897046
7.5 0.235 0.7119106 0.8690428
7.6 0.23 0.6916814 0.8483852
7.7 0.225 0.6743689 0.82773054
7.8 0.22 0.65451974 0.8070775
7.9 0.215 0.6363661 0.786425
8. 0.21 0.6161635 0.7657716
8.1 0.205 0.59728116 0.74511623
8.2 0.2 0.57700425 0.72445756
8.3 0.195 0.55784446 0.7037944
8.4 0.19 0.5376917 0.68312544
8.5 0.185 0.51838285 0.6624494
8.6 0.18 0.49827462 0.6417651
8.7 0.175 0.47875625 0.6210712
8.8 0.17 0.45857993 0.60036653
8.9 0.165 0.4388299 0.57964975
9. 0.16 0.41855964 0.55891955
9.1 0.155 0.39861393 0.53817475
9.2 0.15 0.378259 0.517414
9.3 0.145 0.35815138 0.49663597
9.4 0.14 0.33771217 0.47583947
9.5 0.135 0.3174527 0.4550231
9.6 0.13 0.2969149 0.43418562
9.7 0.125 0.27650487 0.41332567
9.8 0.12 0.25585887 0.39244196
9.9 0.115 0.23530261 0.37153313
10. 0.11 0.2145455 0.3505979
10.1 0.105 0.19384761 0.32963485
10.2 0.1 0.17297792 0.30864266
10.3 0.095 0.15214396 0.28762
10.4 0.09 0.13116 0.26656547
10.5 0.085 0.11019372 0.24547772
10.6 0.08 0.08909217 0.22435535
10.7 0.075 0.06799278 0.20319696
10.8 0.07 0.04677081 0.18200117
10.9 0.065 0.02553967 0.16076654
11. 0.06 0.00419733 0.13949166
11.1 0.055 -0.0171633 0.1181751
11.2 0.05 -0.03862825 0.09681541
11.3 0.045 -0.06011974 0.07541113
11.4 0.04 -0.08170972 0.0539608
11.5 0.035 -0.10333139 0.03246292
11.6 0.03 -0.12504792 0.01091603
11.7 0.025 -0.14680223 -0.0106814
11.8 0.02 -0.16864745 -0.03233088
11.9 0.015 -0.19053553 -0.05403395
12. 0.01 -0.21250989 -0.07579214
12.1 0.005 -0.23453206 -0.09760703
12.2 -4.3368087e-17 -0.25663972 -0.11948019
