0. 0. -0.02892563 0.
0.05 0.005 -0.00752287 0.02292083
0.1 0.01 0.02662525 0.04571159
0.15 0.015 0.1017717 0.06837359
0.2 0.02 0.14993405 0.09090809
0.25 0.025 0.19839908 0.11331636
0.3 0.03 0.20787868 0.13559961
0.35 0.035 0.2202404 0.15775909
0.4 0.04 0.21508378 0.17979597
0.45 0.045 0.22860941 0.20171145
0.5 0.05 0.23867191 0.22350669
0.55 0.055 0.26688576 0.24518284
0.6 0.06 0.28871733 0.26674104
0.65 0.065 0.31883886 0.28818238
0.7 0.07 0.3380838 0.30950797
0.75 0.075 0.3611514 0.33071887
0.8 0.08 0.37566563 0.3518162
0.85 0.085 0.39529788 0.37280098
0.9 0.09 0.410484 0.39367425
0.95 0.095 0.4313284 0.41443706
1. 0.1 0.44906968 0.43509036
1.05 0.105 0.47080094 0.45563522
1.1 0.11 0.48924097 0.47607258
1.15 0.115 0.510094 0.4964034
1.2 0.12 0.52803034 0.5166286
1.25 0.125 0.5478716 0.53674924
1.3 0.13 0.56567675 0.55676615
1.35 0.135 0.5852047 0.5766803
1.4 0.14 0.6033099 0.5964925
1.45 0.145 0.62276036 0.6162038
1.5 0.15 0.641054 0.63581496
1.55 0.155 0.66027784 0.6553269
1.6 0.16 0.6785464 0.67474043
1.65 0.165 0.69748014 0.69405645
1.7 0.17 0.7156864 0.7132758
1.75 0.175 0.7344001 0.7323993
1.8 0.18 0.752576 0.7514277
1.85 0.185 0.771125 0.77036184
1.9 0.19 0.7892602 0.7892026
1.95 0.195 0.80765027 0.8079506
2. 0.2 0.82571447 0.82660675
2.05 0.205 0.84394646 0.84517175
2.1 0.21 0.8619221 0.8636464
2.15 0.215 0.8800046 0.8820314
2.2 0.22 0.8978862 0.9003275
2.25 0.225 0.91582906 0.9185355
2.3 0.23 0.93361056 0.936656
2.35 0.235 0.9514173 0.95468974
2.4 0.24 0.9690913 0.9726375
2.45 0.245 0.98676485 0.99049985
2.5 0.25 1.0043267 1.0082775
2.55 0.255 1.0218706 1.0259713
2.6 0.26 1.0393158 1.0435817
2.65 0.265 1.0567287 1.0611095
2.7 0.27 1.0740554 1.0785553
2.75 0.275 1.0913407 1.0959197
2.8 0.28 1.1085453 1.1132035
2.85 0.285 1.125703 1.1304071
2.9 0.29 1.1427846 1.1475313
2.95 0.295 1.1598133 1.1645765
3. 0.3 1.1767702 1.1815436
3.05 0.305 1.1936706 1.198433
3.1 0.3 1.1494521 1.1786611
3.15 0.295 1.0720907 1.158866
3.2 0.29 0.97483885 1.1390475
3.25 0.285 0.926529 1.1192046
3.3 0.28 0.8909867 1.0993369
3.35 0.275 0.8864942 1.0794433
3.4 0.27 0.87557983 1.0595235
3.45 0.265 0.87116224 1.0395765
3.5 0.26 0.85301965 1.019602
3.55 0.255 0.8370359 0.9995989
3.6 0.25 0.8130925 0.97956663
3.65 0.245 0.7937841 0.95950454
3.7 0.24 0.77121633 0.9394118
3.75 0.235 0.7531248 0.91928774
3.8 0.23 0.73270315 0.8991316
3.85 0.225 0.7149899 0.8789426
3.9 0.22 0.69495165 0.85872
3.95 0.215 0.6764742 0.83846307
4. 0.21 0.6561268 0.818171
4.05 0.205 0.6369636 0.79784304
4.1 0.2 0.6165276 0.77747834
4.15 0.195 0.5970766 0.7570762
4.2 0.19 0.5767258 0.73663574
4.25 0.185 0.55711025 0.7161562
4.3 0.18 0.5367798 0.6956367
4.35 0.175 0.51695746 0.6750765
4.4 0.17 0.49654946 0.6544746
4.45 0.165 0.47650123 0.63383037
4.5 0.16 0.45599058 0.6131428
4.55 0.155 0.43574739 0.59241104
4.6 0.15 0.41514087 0.57163423
4.65 0.145 0.3947314 0.5508115
4.7 0.14 0.37402838 0.529942
4.75 0.135 0.3534635 0.5090247
4.8 0.13 0.33265278 0.48805878
4.85 0.125 0.31193465 0.46704325
4.9 0.12 0.29100767 0.44597724
4.95 0.115 0.27014026 0.42485973
5. 0.11 0.24909429 0.4036898
5.05 0.105 0.2280841 0.38246647
5.1 0.1 0.20691845 0.36118874
5.15 0.095 0.18576898 0.33985564
5.2 0.09 0.16448212 0.31846613
5.25 0.085 0.14319628 0.29701918
5.3 0.08 0.121787 0.2755138
5.35 0.075 0.10036519 0.2539489
5.4 0.07 0.07883149 0.23232341
5.45 0.065 0.05727604 0.21063629
5.5 0.06 0.03561725 0.18888643
5.55 0.055 0.0139289 0.16707274
5.6 0.05 -0.00785757 0.14519407
5.65 0.045 -0.02967886 0.12324931
5.7 0.04 -0.05159202 0.1012373
5.75 0.035 -0.07354651 0.07915688
5.8 0.03 -0.09558886 0.05700685
5.85 0.025 -0.11767738 0.03478603
5.9 0.02 -0.13985081 0.0124932
5.95 0.015 -0.1620742 -0.00987288
6. 0.01 -0.18437974 -0.03231345
6.05 0.005 -0.20673867 -0.05482978
6.1 -4.3368087e-17 -0.2291782 -0.07742317
