0. 0. 0.00254452 0.
0.1 0.005 0.02479279 0.02289371
0.2 0.01 0.04693252 0.04563061
0.3 0.015 0.06896394 0.06821237
0.4 0.02 0.09088677 0.09064063
0.5 0.025 0.11270088 0.11291701
0.6 0.03 0.13440669 0.1350431
0.7 0.035 0.15600336 0.15702046
0.8 0.04 0.1774913 0.17885068
0.9 0.045 0.19887078 0.20053525
1. 0.05 0.22014123 0.2220757
1.1 0.055 0.24130279 0.2434735
1.2 0.06 0.26235586 0.26473013
1.3 0.065 0.28329986 0.28584704
1.4 0.07 0.30413514 0.3068256
1.5 0.075 0.3248616 0.3276673
1.6 0.08 0.3454798 0.3483735
1.7 0.085 0.36598873 0.36894554
1.8 0.09 0.38638955 0.3893848
1.9 0.095 0.40668184 0.4096926
2. 0.1 0.42686564 0.42987025
2.1 0.105 0.44694096 0.44991904
2.2 0.11 0.46690816 0.4698403
2.3 0.115 0.48676735 0.48963526
2.4 0.12 0.50651854 0.5093051
2.5 0.125 0.5261618 0.5288512
2.6 0.13 0.54569787 0.54827464
2.7 0.135 0.56512606 0.5675767
2.8 0.14 0.5844467 0.58675855
2.9 0.145 0.60366046 0.6058213
3. 0.15 0.6227669 0.6247662
3.1 0.155 0.6417664 0.6435942
3.2 0.16 0.6606591 0.66230667
3.3 0.165 0.6794461 0.68090457
3.4 0.17 0.6981263 0.69938904
3.5 0.175 0.7167004 0.71776116
3.6 0.18 0.73516864 0.736022
3.7 0.185 0.75353175 0.7541726
3.8 0.19 0.7717891 0.772214
3.9 0.195 0.7899412 0.79014724
4. 0.2 0.80798876 0.8079734
4.1 0.205 0.8259321 0.8256933
4.2 0.21 0.8437704 0.8433081
4.3 0.215 0.86150515 0.86081874
4.4 0.22 0.8791358 0.87822616
4.5 0.225 0.8966629 0.89553136
4.6 0.23 0.91408706 0.9127352
4.7 0.235 0.9314086 0.9298387
4.8 0.24 0.9486265 0.9468428
4.9 0.245 0.96574306 0.9637483
5. 0.25 0.9827571 0.98055613
5.1 0.255 0.9996697 0.99726725
5.2 0.26 1.0164808 1.0138825
5.3 0.265 1.0331912 1.0304028
5.4 0.27 1.0498011 1.0468287
5.5 0.275 1.0663102 1.0631616
5.6 0.28 1.0827192 1.0794019
5.7 0.285 1.0990291 1.0955505
5.8 0.29 1.1152393 1.1116084
5.9 0.295 1.1313508 1.1275762
6. 0.3 1.1473637 1.1434548
6.1 0.305 1.1632787 1.159245
6.2 0.3 1.1421692 1.1384175
6.3 0.295 1.1211116 1.11761
6.4 0.29 1.1001018 1.0968214
6.5 0.285 1.0791368 1.0760504
6.6 0.28 1.0582134 1.055296
6.7 0.275 1.0373278 1.0345567
6.8 0.27 1.0164778 1.0138314
6.9 0.265 0.9956596 0.9931189
7. 0.26 0.9748708 0.97241783
7.1 0.255 0.9541087 0.95172715
7.2 0.25 0.9333705 0.93104553
7.3 0.245 0.91265404 0.9103718
7.4 0.24 0.8919562 0.8897046
7.5 0.235 0.8712749 0.8690428
7.6 0.23 0.8506074 0.8483852
7.7 0.225 0.82995236 0.82773054
7.8 0.22 0.80930656 0.8070775
7.9 0.215 0.7886686 0.786425
8. 0.21 0.7680366 0.7657716
8.1 0.205 0.7474076 0.74511623
8.2 0.2 0.72678065 0.72445756
8.3 0.195 0.7061533 0.7037944
8.4 0.19 0.6855243 0.68312544
8.5 0.185 0.66489136 0.6624494
8.6 0.18 0.64425313 0.6417651
8.7 0.175 0.62360775 0.6210712
8.8 0.17 0.6029542 0.60036653
8.9 0.165 0.5822901 0.57964975
9. 0.16 0.5616146 0.55891955
9.1 0.155 0.54092646 0.53817475
9.2 0.15 0.5202233 0.517414
9.3 0.145 0.49950498 0.49663597
9.4 0.14 0.47876936 0.47583947
9.5 0.135 0.45801568 0.4550231
9.6 0.13 0.4372427 0.43418562
9.7 0.125 0.41644847 0.41332567
9.8 0.12 0.39563316 0.39244196
9.9 0.115 0.37479466 0.37153313
10. 0.11 0.35393262 0.3505979
10.1 0.105 0.33304507 0.32963485
10.2 0.1 0.3121317 0.30864266
10.3 0.095 0.2911917 0.28762
10.4 0.09 0.27022386 0.26656547
10.5 0.085 0.24922723 0.24547772
10.6 0.08 0.22820109 0.22435535
10.7 0.075 0.20714474 0.20319696
10.8 0.07 0.18605709 0.18200117
10.9 0.065 0.16493744 0.16076654
11. 0.06 0.14378554 0.13949166
11.1 0.055 0.12259996 0.1181751
11.2 0.05 0.10138083 0.09681541
11.3 0.045 0.08012658 0.07541113
11.4 0.04 0.05883712 0.0539608
11.5 0.035 0.03751212 0.03246292
11.6 0.03 0.01615041 0.01091603
11.7 0.025 -0.00524819 -0.0106814
11.8 0.02 -0.02668417 -0.03233088
11.9 0.015 -0.04815811 -0.05403395
12. 0.01 -0.0696702 -0.07579214
12.1 0.005 -0.09122145 -0.09760703
12.2 -4.3368087e-17 -0.11281216 -0.11948019
