0. 0. 0.00254452 0.
0.05 0.005 0.02483344 0.02292083
0.1 0.01 0.04703432 0.04571159
0.15 0.015 0.06914735 0.06837359
0.2 0.02 0.09117252 0.09090809
0.25 0.025 0.11310899 0.11331636
0.3 0.03 0.13495785 0.13559961
0.35 0.035 0.1567182 0.15775909
0.4 0.04 0.17838973 0.17979597
0.45 0.045 0.19997346 0.20171145
0.5 0.05 0.22146875 0.22350669
0.55 0.055 0.24287528 0.24518284
0.6 0.06 0.2641936 0.26674104
0.65 0.065 0.28542364 0.28818238
0.7 0.07 0.3065651 0.30950797
0.75 0.075 0.32761776 0.33071887
0.8 0.08 0.34858233 0.3518162
0.85 0.085 0.36945844 0.37280098
0.9 0.09 0.3902465 0.39367425
0.95 0.095 0.41094583 0.41443706
1. 0.1 0.43155742 0.43509036
1.05 0.105 0.4520805 0.45563522
1.1 0.11 0.4725154 0.47607258
1.15 0.115 0.49286252 0.4964034
1.2 0.12 0.51312125 0.5166286
1.25 0.125 0.5332921 0.53674924
1.3 0.13 0.55337596 0.55676615
1.35 0.135 0.5733716 0.5766803
1.4 0.14 0.5932798 0.5964925
1.45 0.145 0.6131003 0.6162038
1.5 0.15 0.6328334 0.63581496
1.55 0.155 0.6524801 0.6553269
1.6 0.16 0.6720389 0.67474043
1.65 0.165 0.69151115 0.69405645
1.7 0.17 0.71089673 0.7132758
1.75 0.175 0.730195 0.7323993
1.8 0.18 0.7494075 0.7514277
1.85 0.185 0.7685335 0.77036184
1.9 0.19 0.78757334 0.7892026
1.95 0.195 0.8065268 0.8079506
2. 0.2 0.82539475 0.82660675
2.05 0.205 0.84417707 0.84517175
2.1 0.21 0.8628738 0.8636464
2.15 0.215 0.88148534 0.8820314
2.2 0.22 0.9000117 0.9003275
2.25 0.225 0.91845316 0.9185355
2.3 0.23 0.9368098 0.936656
2.35 0.235 0.955082 0.95468974
2.4 0.24 0.97326994 0.9726375
2.45 0.245 0.9913739 0.99049985
2.5 0.25 1.0093937 1.0082775
2.55 0.255 1.0273296 1.0259713
2.6 0.26 1.0451823 1.0435817
2.65 0.265 1.0629518 1.0611095
2.7 0.27 1.0806383 1.0785553
2.75 0.275 1.0982416 1.0959197
2.8 0.28 1.1157622 1.1132035
2.85 0.285 1.1332006 1.1304071
2.9 0.29 1.1505573 1.1475313
2.95 0.295 1.1678317 1.1645765
3. 0.3 1.1850244 1.1815436
3.05 0.305 1.2021354 1.198433
3.1 0.3 1.1820092 1.1786611
3.15 0.295 1.1618831 1.158866
3.2 0.29 1.1417556 1.1390475
3.25 0.285 1.1216257 1.1192046
3.3 0.28 1.1014904 1.0993369
3.35 0.275 1.0813496 1.0794433
3.4 0.27 1.061201 1.0595235
3.45 0.265 1.0410432 1.0395765
3.5 0.26 1.0208747 1.019602
3.55 0.255 1.0006943 0.9995989
3.6 0.25 0.9805001 0.97956663
3.65 0.245 0.9602915 0.95950454
3.7 0.24 0.9400668 0.9394118
3.75 0.235 0.9198243 0.91928774
3.8 0.23 0.8995632 0.8991316
3.85 0.225 0.8792818 0.8789426
3.9 0.22 0.8589793 0.85872
3.95 0.215 0.8386551 0.83846307
4. 0.21 0.8183069 0.818171
4.05 0.205 0.7979341 0.79784304
4.1 0.2 0.7775351 0.77747834
4.15 0.195 0.75710976 0.7570762
4.2 0.19 0.7366565 0.73663574
4.25 0.185 0.71617407 0.7161562
4.3 0.18 0.6956618 0.6956367
4.35 0.175 0.6751185 0.6750765
4.4 0.17 0.6545437 0.6544746
4.45 0.165 0.63393605 0.63383037
4.5 0.16 0.61329424 0.6131428
4.55 0.155 0.59261876 0.59241104
4.6 0.15 0.5719075 0.57163423
4.65 0.145 0.5511599 0.5508115
4.7 0.14 0.53037536 0.529942
4.75 0.135 0.5095531 0.5090247
4.8 0.13 0.48869216 0.48805878
4.85 0.125 0.46779174 0.46704325
4.9 0.12 0.4468515 0.44597724
4.95 0.115 0.42587066 0.42485973
5. 0.11 0.40484816 0.4036898
5.05 0.105 0.38378352 0.38246647
5.1 0.1 0.36267656 0.36118874
5.15 0.095 0.34152633 0.33985564
5.2 0.09 0.32033223 0.31846613
5.25 0.085 0.29909337 0.29701918
5.3 0.08 0.27781004 0.2755138
5.35 0.075 0.25648063 0.2539489
5.4 0.07 0.2351057 0.23232341
5.45 0.065 0.21368426 0.21063629
5.5 0.06 0.19221556 0.18888643
5.55 0.055 0.17069954 0.16707274
5.6 0.05 0.14913589 0.14519407
5.65 0.045 0.12752354 0.12324931
5.7 0.04 0.10586303 0.1012373
5.75 0.035 0.08415341 0.07915688
5.8 0.03 0.06239444 0.05700685
5.85 0.025 0.04058576 0.03478603
5.9 0.02 0.01872706 0.0124932
5.95 0.015 -0.00318205 -0.00987288
6. 0.01 -0.0251416 -0.03231345
6.05 0.005 -0.04715174 -0.05482978
6.1 -4.3368087e-17 -0.06921309 -0.07742317
